2.41094e-32
4.21676
1.73719
1.19864
0.490577
0.418471
4.72705
0.234724
8.69258
3.96959
2.26352
2.44577
0.405031
1.8923
0.948413
0.311487
0.470858
0.614186
2.90039
1.14671
1.08714
2.01488
0.296124
0.598753
3.38928
2.87552
1.02632
1.1661
1.9442
1.8664
1.28655
0.153801
0.941102
0.685598
1.56419
0.351816
0.8203
0.844215
1.33384
1.17041
3.38748
1.90604
1.48066
3.25479
3.96529
3.20178
0.96901
1.20742
2.2415
0.0193243
4.29728
1.41245
1.50525
1.04763
1.29239
0.488723
1.65726
1.7935
2.8029
0.0823759
0.556982
0.300023
2.14828
4.11377
0.865728
1.00751
0.559347
0.274017
2.63405
0.854442
0.763492
1.32467
2.06728
0.710401
0.620422
1.50675
0.200646
2.12002
0.111262
2.0714
0.746329
0.690426
3.25018
1.61912
0.758469
2.80416
2.98213
0.176366
3.57606
0.693755
0.395297
0.900604
1.55352
2.10084
0.578068
1.12341
1.66202
2.815
1.36748
6.35761
0.0541589
0.562551
2.17518
2.12308
0.814771
2.56657
0.269386
1.01833
3.78157
1.2043
3.67111
0.350516
0.509208
5.06874
3.61985
1.42233
2.2927
0.79493
3.91849
0.367166
0.501403
1.22596
0.722068
1.95363
0.0703142
1.99883
0.973462
2.67889
3.06557
0.567075
0.0185303
1.12308
0.635982
1.39136
4.82099
3.6193
1.38437
1.42989
3.00778
1.12363
1.46563
0.196836
0.966708
1.61014
1.6754
5.80996
0.492844
1.12912
0.167
2.01006
0.137589
4.67873
0.406065
0.920296
3.96715
3.94116
2.84558
3.08239
1.03426
2.03143
5.08841
2.41227
0.747228
0.378047
2.91854
4.93277
1.93238
0.824062
1.96188
0.475078
0.377429
1.7641
0.253057
3.30096
1.83171
13.3973
0.722527
1.14782
1.52266
0.0694043
1.38246
6.68092
2.52175
0.662629
1.78833
3.73029
5.14554
2.77804
0.191212
0.677925
0.496566
0.543335
1.95046
4.6012
1.64212
5.39958
0.98928
1.25472
0.0140351
0.598412
2.74646
1.45663
2.77094
0.115064
0.448055
0.816747
0.171612
1.53074
0.22626
3.89003
1.97059
0.465465
0.934602
1.19361
0.067338
0.0758714
4.4816
1.01321
0.342386
2.19505
0.122881
4.05024
3.54139
1.56876
0.626652
0.287179
6.06442
1.02161
3.58348
1.24926
1.58974
1.59745
0.673078
1.55874
0.285333
1.94205
8.34366
0.32648
4.6362
1.33535
2.62436
0.733594
2.64589
1.02587
2.44911
0.990541
1.42347
4.25414
6.53235
0.730032
