9.76305
4.75774
0.574328
2.15472
0.614135
3.79578
2.27615
1.01474
2.39334
1.47532
4.80305
0.368587
3.15763
4.96806
2.40463
6.22502
6.84807
4.2871
4.98954
3.90618
2.03579
0.775386
1.49457
0.857601
3.21764
11.5877
0.278838
1.19948
3.91245
3.03886
0.816438
1.9071
0.545172
4.64431
1.41924
2.80356
0.999137
0.874879
0.372152
0.684722
3.8186
0.222724
2.20743
0.467899
0.931827
2.53642
7.32669
3.23709
4.99914
11.9196
3.25009
4.07905
2.11317
1.30194
1.06375
1.49949
3.19832
8.91022
1.228
1.59709
0.267218
7.24661
5.45195
2.51406
1.83354
6.75522
1.65142
3.22439
3.24607
9.9514
3.50972
5.87384
1.9348
1.08557
0.312494
2.57848
1.76686
2.56287
1.06521
1.18096
4.2935
5.13365
0.99928
2.37236
1.41412
4.26036
0.0429616
3.34381
0.300041
0.683326
3.01179
1.57032
1.68914
4.76648
1.55571
1.24638
7.45349
3.41517
2.27212
2.88024
2.20979
4.95484
1.03615
1.82583
1.13134
2.81735
1.54805
2.59669
0.845277
1.29634
3.21204
3.73808
2.92122
2.94243
0.98707
1.13156
0.673331
2.79315
2.09915
3.3952
5.40109
6.97512
1.2967
3.71847
4.29303
3.02806
0.0368289
2.95594
0.998592
4.67265
1.37091
0.0605406
4.75051
0.953021
1.21477
5.05376
5.87217
4.08542
6.04703
2.46521
4.40598
3.67799
1.55479
0.282574
4.28888
0.584473
0.359363
2.35333
3.72122
0.298269
5.67863
1.11692
7.55363
1.03573
2.04841
1.35017
1.85781
1.57965
2.99558
1.73122
2.9915
4.00643
2.89422
0.302575
4.41113
2.21824
2.39142
5.11026
7.5347
1.72901
0.778964
1.72655
3.96082
1.25701
5.19314
1.62669
2.51178
1.94692
6.28674
2.06456
0.84324
4.01907
1.35012
0.847656
2.13312
3.63938
0.379331
1.93132
1.15428
6.41022
0.324811
10.8499
3.7539
0.906573
1.27239
0.833434
1.98366
1.74602
5.01448
2.32745
2.76155
1.74702
7.41452
8.83956
0.170725
1.22206
2.44244
2.23001
1.07859
0.554922
8.91911
2.26194
0.885947
3.29803
4.52255
1.91413
5.56321
1.36988
2.31236
6.08127
1.84729
6.76388
4.24212
2.493
1.97009
4.6046
1.64944
5.03209
3.2496
0.51882
0.0696608
0.522252
0.412279
7.70692
6.44114
0.547901
2.54513
0.226402
1.7948
0.931706
2.76989
8.70798
0.19733
6.81853
3.79156
2.5263
6.07276
1.75305
2.50367
