0.312243 0.58034
0.744953 0.588208
0.98331 0.619605
1.19641 0.519562
1.51413 0.528878
1.76934 0.535809
2.07297 0.560711
2.28048 0.622928
2.56231 0.666831
2.83308 0.66631
3.07797 0.692105
3.36881 0.586437
3.68104 0.494852
3.96201 0.567181
4.24394 0.568606
4.5023 0.605638
4.69626 0.717681
4.94803 0.716122
5.25504 0.707649
5.51522 0.714202
5.81613 0.723517
6.05908 0.654613
6.31777 0.758785
6.56759 0.792768
6.81866 0.785721
7.06059 0.773722
7.28106 0.849138
7.57629 0.864136
7.83038 0.838309
8.07889 0.859129
8.31798 0.87053
8.58884 0.957537
8.82926 1.00909
9.12001 1.04933
9.35993 1.07752
9.64028 1.1488
9.91797 1.26553
10.1654 1.34871
10.3912 1.42499
10.622 1.50052
10.846 1.53459
11.1129 1.58654
11.3933 1.63642
11.6238 1.69138
11.8533 1.7557
12.1113 1.84272
12.3536 1.87823
12.6103 1.94178
12.8131 2.0653
13.0827 2.17054
13.2892 2.30407
13.4698 2.42866
13.7202 2.54982
13.9411 2.65378
14.1716 2.80884
14.4228 2.91922
14.6266 3.00284
14.861 3.15017
15.0726 3.34091
15.2864 3.49442
15.5019 3.68664
15.7136 3.81576
15.9333 3.97077
16.1309 4.12128
16.3282 4.32241
16.5395 4.48215
16.7154 4.65797
16.8734 4.82816
17.0374 5.0597
17.2094 5.21867
17.3648 5.41081
17.5231 5.56805
17.7068 5.70969
17.8551 5.89178
18.0245 6.09597
18.1776 6.29594
18.2994 6.54111
18.4348 6.74565
18.5746 6.89602
18.7242 7.10276
18.9114 7.25809
19.0048 7.44895
19.0977 7.71689
19.2194 7.92187
19.2979 8.14264
19.3973 8.35227
19.4871 8.5053
19.5806 8.70911
19.7341 8.89542
19.8118 9.11041
19.9377 9.34621
19.9902 9.55621
20.0754 9.8036
20.1378 10.0525
20.1869 10.3312
20.2098 10.556
20.2669 10.8386
20.297 11.0943
20.3303 11.3375
20.2896 11.5683
20.3559 11.8187
20.3773 12.0552
20.3632 12.3512
20.3217 12.5789
20.3433 12.8242
20.3332 13.0493
20.2982 13.2641
20.261 13.4949
20.236 13.7625
20.1843 13.9838
20.1256 14.2472
20.0554 14.4727
19.9445 14.736
19.8769 14.9513
19.8432 15.1699
19.7215 15.3732
19.6917 15.5597
19.6009 15.7589
19.4936 15.9791
19.3918 16.184
19.2813 16.3634
19.1663 16.5564
19.0299 16.775
18.8773 16.9672
18.6947 17.2164
18.5872 17.417
18.3675 17.6173
18.2288 17.8073
18.0949 17.9909
17.9214 18.1467
17.7933 18.2829
17.6611 18.4608
17.4591 18.6472
17.281 18.7882
17.1207 18.9214
16.9528 19.0912
16.7338 19.2083
16.5425 19.3634
16.3097 19.5294
16.0894 19.6142
15.8813 19.7588
15.6944 19.8794
15.4567 20.035
15.2418 20.179
15.0557 20.3051
14.8258 20.3904
14.61 20.5073
14.3712 20.5986
14.1254 20.6724
13.8863 20.7468
13.61 20.8129
13.3579 20.8492
13.1165 20.8895
12.8819 20.9481
12.6933 20.9869
12.4353 21.0297
12.1911 21.0667
11.9499 21.0876
11.7125 21.0588
11.4619 21.0468
11.254 21.0383
10.9946 21.0021
10.7923 20.963
10.5472 20.9566
10.2615 20.9832
10.0246 20.963
9.83944 20.9214
9.61766 20.9043
9.42891 20.8518
9.21499 20.8075
8.90951 20.777
8.70025 20.6978
8.41299 20.6159
8.18605 20.5363
7.93941 20.4562
7.72288 20.3717
7.40355 20.3117
7.17264 20.2155
6.90455 20.1309
6.68324 20.0388
6.43421 19.9459
6.22182 19.8521
5.95589 19.7569
5.7191 19.6151
5.54929 19.4926
5.34713 19.3451
5.13717 19.2427
4.95672 19.1289
4.79563 18.9811
4.58435 18.8314
4.40855 18.701
4.23602 18.5573
4.11211 18.4068
3.91568 18.2364
3.65654 18.0907
3.50318 17.9397
3.27228 17.7704
3.08508 17.5881
2.9119 17.4691
2.75527 17.2565
2.57907 17.0694
2.42457 16.9028
2.26176 16.7308
2.09376 16.5336
1.93312 16.3042
1.78795 16.1273
1.58572 15.9565
1.44804 15.7275
1.27307 15.5075
1.12313 15.3144
0.910389 15.0917
0.778734 14.9122
0.672024 14.7009
0.552233 14.4611
0.377041 14.2364
0.241837 13.9844
0.219941 13.7409
0.108085 13.4976
-0.0538022 13.2628
-0.166686 13.0456
-0.175699 12.826
-0.285801 12.6007
-0.401704 12.3652
-0.512665 12.1569
-0.590812 11.9405
-0.704813 11.7117
-0.892864 11.4631
-0.97864 11.241
-1.15222 11.0107
-1.23651 10.7662
-1.37038 10.5089
-1.46262 10.2468
-1.56221 10.0365
-1.64412 9.81027
-1.72327 9.59089
-1.83455 9.33825
-1.92605 9.04209
-2.00394 8.8236
-2.10466 8.57009
-2.22942 8.31595
-2.28086 8.08438
-2.33825 7.87673
-2.45522 7.62285
-2.60331 7.39128
-2.71185 7.13256
-2.77686 6.90116
-2.81998 6.69696
-2.87472 6.48245
-2.93398 6.24645
-3.05342 5.99787
-3.14317 5.71863
-3.24939 5.47338
-3.34991 5.20756
-3.42334 4.96227
-3.54333 4.67669
-3.65447 4.42274
-3.79053 4.14437
-3.87589 3.90417
-3.9455 3.67526
-4.04506 3.47295
-4.13517 3.22864
-4.25568 2.96842
-4.34674 2.69181
-4.43654 2.4417
-4.54255 2.17408
-4.65284 1.93795
-4.76946 1.66018
-4.89519 1.40418
-4.95077 1.17868
-5.04575 0.966176
-5.10405 0.74135
-5.20225 0.438021
-5.27619 0.202249
-5.38632 -0.0294487
-5.45756 -0.261936
-5.57481 -0.443055
-5.70766 -0.625209
-5.82115 -0.864734
-5.91901 -1.13376
-6.01005 -1.40412
-6.14701 -1.61186
-6.28658 -1.8652
-6.39511 -2.11341
-6.54312 -2.32001
-6.69184 -2.52854
-6.84443 -2.74827
-6.94265 -3.01055
-7.07111 -3.23347
-7.19589 -3.42324
-7.3425 -3.67397
-7.49676 -3.81012
-7.63949 -4.02345
-7.79727 -4.24809
-7.94765 -4.46847
-8.11366 -4.70271
-8.25456 -4.89938
-8.39083 -5.11102
-8.53653 -5.27363
-8.72608 -5.47232
-8.88579 -5.66843
-9.04349 -5.85116
-9.18209 -6.00282
-9.35247 -6.10758
-9.52801 -6.29264
-9.67422 -6.49383
-9.89126 -6.66541
-10.0954 -6.83144
-10.2784 -6.99747
-10.5111 -7.18008
-10.7123 -7.32861
-10.9615 -7.49258
-11.1463 -7.63513
-11.3022 -7.77975
-11.4937 -7.91039
-11.6742 -8.01181
-11.8617 -8.1287
-12.0758 -8.21894
-12.3027 -8.35353
-12.5081 -8.43293
-12.7059 -8.52669
-12.9877 -8.61694
-13.2351 -8.72463
-13.4593 -8.76999
-13.6628 -8.82483
-13.8997 -8.92193
-14.1547 -9.01491
-14.3885 -9.11407
-14.6147 -9.18816
-14.9027 -9.1907
-15.1617 -9.26525
-15.4379 -9.36601
-15.6743 -9.40303
-15.9386 -9.47604
-16.1846 -9.49409
-16.4368 -9.48721
-16.6473 -9.49608
-16.9354 -9.47804
-17.1912 -9.53007
-17.4561 -9.5409
-17.711 -9.53556
-17.9677 -9.50105
-18.2065 -9.47266
-18.4092 -9.50558
-18.646 -9.49151
-18.8973 -9.47615
-19.1275 -9.43835
-19.3748 -9.32428
-19.604 -9.25775
-19.8602 -9.13511
-20.0963 -9.03911
-20.2649 -9.14864
-20.5051 -9.10351
-20.7278 -9.00706
-20.9707 -8.92743
-21.1656 -8.85771
-21.3987 -8.77259
-21.5887 -8.74264
-21.7751 -8.61931
-21.9791 -8.53745
-22.189 -8.43055
-22.4244 -8.32463
-22.6132 -8.21585
-22.8622 -7.97211
-23.0494 -7.83494
-23.2858 -7.64993
-23.4856 -7.50406
-23.6521 -7.36035
-23.8432 -7.19812
-24.0006 -7.10615
-24.1683 -6.92855
-24.3373 -6.67075
-24.5033 -6.49798
-24.5981 -6.36558
-24.7373 -6.18116
-24.9249 -5.96529
-25.0551 -5.76193
-25.1875 -5.58886
-25.339 -5.39965
-25.4855 -5.16704
-25.6145 -4.98811
-25.7254 -4.81693
-25.8468 -4.6091
-25.9602 -4.35891
-26.0718 -4.13997
-26.1668 -3.84811
-26.2426 -3.61308
-26.2744 -3.34735
-26.3245 -3.10302
-26.3506 -2.87259
-26.406 -2.64577
-26.4791 -2.50435
-26.5321 -2.26935
-26.5809 -2.07677
-26.6102 -1.84222
-26.6095 -1.58831
-26.6079 -1.36175
-26.612 -1.13303
-26.6393 -0.911389
-26.6503 -0.653487
-26.6389 -0.410446
-26.5953 -0.103987
-26.5753 0.137865
-26.5515 0.438347
-26.5367 0.676985
-26.5265 0.961957
-26.4866 1.22402
-26.4276 1.45566
-26.3889 1.66927
-26.3318 1.87272
-26.2655 2.10305
-26.2021 2.28843
-26.1394 2.51012
-26.0578 2.75535
-25.9663 2.97965
-25.8617 3.26764
-25.7791 3.49734
-25.6736 3.69453
-25.5585 3.90104
-25.4923 4.07298
-25.3707 4.27258
-25.2106 4.49751
-25.0607 4.69051
-24.9424 4.88381
-24.7876 5.07353
-24.6178 5.29394
-24.4471 5.47686
-24.2612 5.65197
-24.096 5.81567
-23.9239 5.97585
-23.7795 6.15017
-23.6133 6.30505
-23.4657 6.46846
-23.2343 6.70247
-23.0417 6.83965
-22.825 7.01707
-22.6145 7.15434
-22.4295 7.29774
-22.1992 7.43514
-22.0172 7.59487
-21.8337 7.7569
-21.6251 7.89949
-21.4375 8.02686
-21.2164 8.06378
-21.029 8.20035
-20.8488 8.35147
-20.6078 8.4665
-20.3529 8.61092
-20.1602 8.72711
-19.9606 8.82986
-19.7691 8.93236
-19.5449 9.01096
-19.3073 9.11539
-19.0133 9.21956
-18.8014 9.29737
-18.5401 9.40785
-18.274 9.44863
-17.9732 9.58756
-17.7304 9.6749
-17.4502 9.78797
-17.2031 9.86537
-16.9265 9.99123
-16.6723 10.0599
-16.4237 10.1654
-16.1665 10.2362
-15.9354 10.2593
-15.6902 10.3216
-15.4749 10.3144
-15.1722 10.3501
-14.9115 10.4056
-14.6738 10.4336
-14.4343 10.4024
-14.175 10.4259
-13.8633 10.5739
-13.6155 10.6253
-13.3659 10.6261
-13.1053 10.6502
-12.848 10.7417
-12.5879 10.7876
-12.3541 10.7572
-12.1044 10.7869
-11.8544 10.8512
-11.5807 10.8705
-11.3507 10.8865
-11.0787 10.8366
-10.7809 10.8156
-10.5254 10.8125
-10.2928 10.8079
-10.0539 10.8505
-9.79077 10.8973
-9.56678 10.8752
-9.30244 10.9026
-9.06285 10.8803
-8.79393 10.9126
-8.55965 10.8695
-8.39818 10.794
-8.15448 10.7997
-7.80548 10.8483
-7.54956 10.845
-7.26713 10.8354
